{
 "cells": [
  {
   "cell_type": "code",
   "execution_count": 1,
   "metadata": {},
   "outputs": [
    {
     "name": "stderr",
     "output_type": "stream",
     "text": [
      "/Users/wanting/opt/anaconda3/lib/python3.7/site-packages/pandas_datareader/compat/__init__.py:7: FutureWarning: pandas.util.testing is deprecated. Use the functions in the public API at pandas.testing instead.\n",
      "  from pandas.util.testing import assert_frame_equal\n"
     ]
    }
   ],
   "source": [
    "from pandas_datareader import data\n",
    "import matplotlib.pyplot as plt\n",
    "import pandas as pd\n",
    "import datetime as dt\n",
    "import urllib.request, json\n",
    "import os\n",
    "import numpy as np\n",
    "import tensorflow as tf # This code has been tested with TensorFlow 1.6\n",
    "from sklearn.preprocessing import MinMaxScaler\n",
    "\n"
   ]
  },
  {
   "cell_type": "code",
   "execution_count": 56,
   "metadata": {},
   "outputs": [
    {
     "data": {
      "text/html": [
       "<div>\n",
       "<style scoped>\n",
       "    .dataframe tbody tr th:only-of-type {\n",
       "        vertical-align: middle;\n",
       "    }\n",
       "\n",
       "    .dataframe tbody tr th {\n",
       "        vertical-align: top;\n",
       "    }\n",
       "\n",
       "    .dataframe thead th {\n",
       "        text-align: right;\n",
       "    }\n",
       "</style>\n",
       "<table border=\"1\" class=\"dataframe\">\n",
       "  <thead>\n",
       "    <tr style=\"text-align: right;\">\n",
       "      <th></th>\n",
       "      <th>date</th>\n",
       "      <th>BTC Price</th>\n",
       "      <th>BTC network hashrate</th>\n",
       "      <th>Average BTC block size</th>\n",
       "      <th>NUAU - BTC</th>\n",
       "      <th>Number TX - BTC</th>\n",
       "      <th>Difficulty - BTC</th>\n",
       "      <th>TX fees - BTC</th>\n",
       "      <th>Estimated TX Volume USD - BTC</th>\n",
       "      <th>Gold in USD</th>\n",
       "      <th>Ethereum Price</th>\n",
       "      <th>Litecoin Price</th>\n",
       "      <th>Nasdaq composite index</th>\n",
       "      <th>DJI</th>\n",
       "    </tr>\n",
       "  </thead>\n",
       "  <tbody>\n",
       "    <tr>\n",
       "      <th>0</th>\n",
       "      <td>2018/9/19</td>\n",
       "      <td>6371.85</td>\n",
       "      <td>4.954753e+07</td>\n",
       "      <td>0.936314</td>\n",
       "      <td>479308</td>\n",
       "      <td>244259</td>\n",
       "      <td>7.020000e+12</td>\n",
       "      <td>19.013685</td>\n",
       "      <td>600992855.3</td>\n",
       "      <td>1203.30</td>\n",
       "      <td>209.470000</td>\n",
       "      <td>54.02</td>\n",
       "      <td>7950.040039</td>\n",
       "      <td>26405.75977</td>\n",
       "    </tr>\n",
       "    <tr>\n",
       "      <th>1</th>\n",
       "      <td>2018/9/18</td>\n",
       "      <td>6280.91</td>\n",
       "      <td>4.710505e+07</td>\n",
       "      <td>0.907648</td>\n",
       "      <td>481967</td>\n",
       "      <td>240152</td>\n",
       "      <td>7.020000e+12</td>\n",
       "      <td>17.457677</td>\n",
       "      <td>574281010.2</td>\n",
       "      <td>1200.20</td>\n",
       "      <td>197.090000</td>\n",
       "      <td>52.29</td>\n",
       "      <td>7956.109863</td>\n",
       "      <td>26246.96094</td>\n",
       "    </tr>\n",
       "    <tr>\n",
       "      <th>2</th>\n",
       "      <td>2018/9/17</td>\n",
       "      <td>6514.06</td>\n",
       "      <td>4.850075e+07</td>\n",
       "      <td>0.627328</td>\n",
       "      <td>370211</td>\n",
       "      <td>179483</td>\n",
       "      <td>7.020000e+12</td>\n",
       "      <td>13.070152</td>\n",
       "      <td>282353987.6</td>\n",
       "      <td>1201.90</td>\n",
       "      <td>221.580000</td>\n",
       "      <td>57.02</td>\n",
       "      <td>7895.790039</td>\n",
       "      <td>26062.11914</td>\n",
       "    </tr>\n",
       "    <tr>\n",
       "      <th>3</th>\n",
       "      <td>2018/9/16</td>\n",
       "      <td>6536.68</td>\n",
       "      <td>4.884968e+07</td>\n",
       "      <td>0.789859</td>\n",
       "      <td>427957</td>\n",
       "      <td>211071</td>\n",
       "      <td>7.020000e+12</td>\n",
       "      <td>15.699957</td>\n",
       "      <td>375006930.2</td>\n",
       "      <td>NaN</td>\n",
       "      <td>222.800000</td>\n",
       "      <td>56.58</td>\n",
       "      <td>NaN</td>\n",
       "      <td>NaN</td>\n",
       "    </tr>\n",
       "    <tr>\n",
       "      <th>4</th>\n",
       "      <td>2018/9/15</td>\n",
       "      <td>6509.40</td>\n",
       "      <td>4.605827e+07</td>\n",
       "      <td>1.057485</td>\n",
       "      <td>471372</td>\n",
       "      <td>223250</td>\n",
       "      <td>7.020000e+12</td>\n",
       "      <td>21.218931</td>\n",
       "      <td>733164598.3</td>\n",
       "      <td>NaN</td>\n",
       "      <td>209.810000</td>\n",
       "      <td>56.34</td>\n",
       "      <td>NaN</td>\n",
       "      <td>NaN</td>\n",
       "    </tr>\n",
       "    <tr>\n",
       "      <th>...</th>\n",
       "      <td>...</td>\n",
       "      <td>...</td>\n",
       "      <td>...</td>\n",
       "      <td>...</td>\n",
       "      <td>...</td>\n",
       "      <td>...</td>\n",
       "      <td>...</td>\n",
       "      <td>...</td>\n",
       "      <td>...</td>\n",
       "      <td>...</td>\n",
       "      <td>...</td>\n",
       "      <td>...</td>\n",
       "      <td>...</td>\n",
       "      <td>...</td>\n",
       "    </tr>\n",
       "    <tr>\n",
       "      <th>1126</th>\n",
       "      <td>2015/8/11</td>\n",
       "      <td>264.34</td>\n",
       "      <td>4.427333e+05</td>\n",
       "      <td>0.381362</td>\n",
       "      <td>227498</td>\n",
       "      <td>116923</td>\n",
       "      <td>5.269984e+10</td>\n",
       "      <td>26.659978</td>\n",
       "      <td>68909307.0</td>\n",
       "      <td>1108.25</td>\n",
       "      <td>0.708087</td>\n",
       "      <td>3.95</td>\n",
       "      <td>5036.790039</td>\n",
       "      <td>17402.83984</td>\n",
       "    </tr>\n",
       "    <tr>\n",
       "      <th>1127</th>\n",
       "      <td>2015/8/10</td>\n",
       "      <td>265.48</td>\n",
       "      <td>4.584516e+05</td>\n",
       "      <td>0.390679</td>\n",
       "      <td>220994</td>\n",
       "      <td>110686</td>\n",
       "      <td>5.269984e+10</td>\n",
       "      <td>26.674039</td>\n",
       "      <td>93522987.0</td>\n",
       "      <td>1097.00</td>\n",
       "      <td>0.713989</td>\n",
       "      <td>3.90</td>\n",
       "      <td>5101.799805</td>\n",
       "      <td>17615.16992</td>\n",
       "    </tr>\n",
       "    <tr>\n",
       "      <th>1128</th>\n",
       "      <td>2015/8/9</td>\n",
       "      <td>261.12</td>\n",
       "      <td>3.536627e+05</td>\n",
       "      <td>0.354968</td>\n",
       "      <td>218499</td>\n",
       "      <td>88425</td>\n",
       "      <td>5.269984e+10</td>\n",
       "      <td>18.451625</td>\n",
       "      <td>81070335.0</td>\n",
       "      <td>NaN</td>\n",
       "      <td>0.706136</td>\n",
       "      <td>3.84</td>\n",
       "      <td>NaN</td>\n",
       "      <td>NaN</td>\n",
       "    </tr>\n",
       "    <tr>\n",
       "      <th>1129</th>\n",
       "      <td>2015/8/8</td>\n",
       "      <td>279.74</td>\n",
       "      <td>4.112966e+05</td>\n",
       "      <td>0.350295</td>\n",
       "      <td>233508</td>\n",
       "      <td>104420</td>\n",
       "      <td>5.269984e+10</td>\n",
       "      <td>23.042149</td>\n",
       "      <td>67351785.0</td>\n",
       "      <td>NaN</td>\n",
       "      <td>2.790000</td>\n",
       "      <td>4.22</td>\n",
       "      <td>NaN</td>\n",
       "      <td>NaN</td>\n",
       "    </tr>\n",
       "    <tr>\n",
       "      <th>1130</th>\n",
       "      <td>2015/8/7</td>\n",
       "      <td>278.74</td>\n",
       "      <td>3.690251e+05</td>\n",
       "      <td>0.567923</td>\n",
       "      <td>242234</td>\n",
       "      <td>124658</td>\n",
       "      <td>5.227830e+10</td>\n",
       "      <td>29.646189</td>\n",
       "      <td>64378476.0</td>\n",
       "      <td>1093.50</td>\n",
       "      <td>2.830000</td>\n",
       "      <td>4.06</td>\n",
       "      <td>5043.540039</td>\n",
       "      <td>17373.38086</td>\n",
       "    </tr>\n",
       "  </tbody>\n",
       "</table>\n",
       "<p>1131 rows × 14 columns</p>\n",
       "</div>"
      ],
      "text/plain": [
       "           date  BTC Price  BTC network hashrate  Average BTC block size  \\\n",
       "0     2018/9/19    6371.85          4.954753e+07                0.936314   \n",
       "1     2018/9/18    6280.91          4.710505e+07                0.907648   \n",
       "2     2018/9/17    6514.06          4.850075e+07                0.627328   \n",
       "3     2018/9/16    6536.68          4.884968e+07                0.789859   \n",
       "4     2018/9/15    6509.40          4.605827e+07                1.057485   \n",
       "...         ...        ...                   ...                     ...   \n",
       "1126  2015/8/11     264.34          4.427333e+05                0.381362   \n",
       "1127  2015/8/10     265.48          4.584516e+05                0.390679   \n",
       "1128   2015/8/9     261.12          3.536627e+05                0.354968   \n",
       "1129   2015/8/8     279.74          4.112966e+05                0.350295   \n",
       "1130   2015/8/7     278.74          3.690251e+05                0.567923   \n",
       "\n",
       "      NUAU - BTC  Number TX - BTC  Difficulty - BTC  TX fees - BTC  \\\n",
       "0         479308           244259      7.020000e+12      19.013685   \n",
       "1         481967           240152      7.020000e+12      17.457677   \n",
       "2         370211           179483      7.020000e+12      13.070152   \n",
       "3         427957           211071      7.020000e+12      15.699957   \n",
       "4         471372           223250      7.020000e+12      21.218931   \n",
       "...          ...              ...               ...            ...   \n",
       "1126      227498           116923      5.269984e+10      26.659978   \n",
       "1127      220994           110686      5.269984e+10      26.674039   \n",
       "1128      218499            88425      5.269984e+10      18.451625   \n",
       "1129      233508           104420      5.269984e+10      23.042149   \n",
       "1130      242234           124658      5.227830e+10      29.646189   \n",
       "\n",
       "      Estimated TX Volume USD - BTC  Gold in USD  Ethereum Price  \\\n",
       "0                       600992855.3      1203.30      209.470000   \n",
       "1                       574281010.2      1200.20      197.090000   \n",
       "2                       282353987.6      1201.90      221.580000   \n",
       "3                       375006930.2          NaN      222.800000   \n",
       "4                       733164598.3          NaN      209.810000   \n",
       "...                             ...          ...             ...   \n",
       "1126                     68909307.0      1108.25        0.708087   \n",
       "1127                     93522987.0      1097.00        0.713989   \n",
       "1128                     81070335.0          NaN        0.706136   \n",
       "1129                     67351785.0          NaN        2.790000   \n",
       "1130                     64378476.0      1093.50        2.830000   \n",
       "\n",
       "      Litecoin Price  Nasdaq composite index          DJI  \n",
       "0              54.02             7950.040039  26405.75977  \n",
       "1              52.29             7956.109863  26246.96094  \n",
       "2              57.02             7895.790039  26062.11914  \n",
       "3              56.58                     NaN          NaN  \n",
       "4              56.34                     NaN          NaN  \n",
       "...              ...                     ...          ...  \n",
       "1126            3.95             5036.790039  17402.83984  \n",
       "1127            3.90             5101.799805  17615.16992  \n",
       "1128            3.84                     NaN          NaN  \n",
       "1129            4.22                     NaN          NaN  \n",
       "1130            4.06             5043.540039  17373.38086  \n",
       "\n",
       "[1131 rows x 14 columns]"
      ]
     },
     "execution_count": 56,
     "metadata": {},
     "output_type": "execute_result"
    }
   ],
   "source": [
    "data7=pd.read_csv(\"data9.csv\",sep=\",\")\n",
    "data7"
   ]
  },
  {
   "cell_type": "code",
   "execution_count": 57,
   "metadata": {},
   "outputs": [
    {
     "data": {
      "text/html": [
       "<div>\n",
       "<style scoped>\n",
       "    .dataframe tbody tr th:only-of-type {\n",
       "        vertical-align: middle;\n",
       "    }\n",
       "\n",
       "    .dataframe tbody tr th {\n",
       "        vertical-align: top;\n",
       "    }\n",
       "\n",
       "    .dataframe thead th {\n",
       "        text-align: right;\n",
       "    }\n",
       "</style>\n",
       "<table border=\"1\" class=\"dataframe\">\n",
       "  <thead>\n",
       "    <tr style=\"text-align: right;\">\n",
       "      <th></th>\n",
       "      <th>date</th>\n",
       "      <th>BTC Price</th>\n",
       "      <th>BTC network hashrate</th>\n",
       "      <th>Average BTC block size</th>\n",
       "      <th>NUAU - BTC</th>\n",
       "      <th>Number TX - BTC</th>\n",
       "      <th>Difficulty - BTC</th>\n",
       "      <th>TX fees - BTC</th>\n",
       "      <th>Estimated TX Volume USD - BTC</th>\n",
       "      <th>Gold in USD</th>\n",
       "      <th>Ethereum Price</th>\n",
       "      <th>Litecoin Price</th>\n",
       "      <th>Nasdaq composite index</th>\n",
       "      <th>DJI</th>\n",
       "    </tr>\n",
       "  </thead>\n",
       "  <tbody>\n",
       "    <tr>\n",
       "      <th>1130</th>\n",
       "      <td>2015-08-07</td>\n",
       "      <td>278.74</td>\n",
       "      <td>3.690251e+05</td>\n",
       "      <td>0.567923</td>\n",
       "      <td>242234</td>\n",
       "      <td>124658</td>\n",
       "      <td>5.227830e+10</td>\n",
       "      <td>29.646189</td>\n",
       "      <td>64378476.0</td>\n",
       "      <td>1093.50</td>\n",
       "      <td>2.830000</td>\n",
       "      <td>4.06</td>\n",
       "      <td>5043.540039</td>\n",
       "      <td>17373.38086</td>\n",
       "    </tr>\n",
       "    <tr>\n",
       "      <th>1129</th>\n",
       "      <td>2015-08-08</td>\n",
       "      <td>279.74</td>\n",
       "      <td>4.112966e+05</td>\n",
       "      <td>0.350295</td>\n",
       "      <td>233508</td>\n",
       "      <td>104420</td>\n",
       "      <td>5.269984e+10</td>\n",
       "      <td>23.042149</td>\n",
       "      <td>67351785.0</td>\n",
       "      <td>NaN</td>\n",
       "      <td>2.790000</td>\n",
       "      <td>4.22</td>\n",
       "      <td>NaN</td>\n",
       "      <td>NaN</td>\n",
       "    </tr>\n",
       "    <tr>\n",
       "      <th>1128</th>\n",
       "      <td>2015-08-09</td>\n",
       "      <td>261.12</td>\n",
       "      <td>3.536627e+05</td>\n",
       "      <td>0.354968</td>\n",
       "      <td>218499</td>\n",
       "      <td>88425</td>\n",
       "      <td>5.269984e+10</td>\n",
       "      <td>18.451625</td>\n",
       "      <td>81070335.0</td>\n",
       "      <td>NaN</td>\n",
       "      <td>0.706136</td>\n",
       "      <td>3.84</td>\n",
       "      <td>NaN</td>\n",
       "      <td>NaN</td>\n",
       "    </tr>\n",
       "    <tr>\n",
       "      <th>1127</th>\n",
       "      <td>2015-08-10</td>\n",
       "      <td>265.48</td>\n",
       "      <td>4.584516e+05</td>\n",
       "      <td>0.390679</td>\n",
       "      <td>220994</td>\n",
       "      <td>110686</td>\n",
       "      <td>5.269984e+10</td>\n",
       "      <td>26.674039</td>\n",
       "      <td>93522987.0</td>\n",
       "      <td>1097.00</td>\n",
       "      <td>0.713989</td>\n",
       "      <td>3.90</td>\n",
       "      <td>5101.799805</td>\n",
       "      <td>17615.16992</td>\n",
       "    </tr>\n",
       "    <tr>\n",
       "      <th>1126</th>\n",
       "      <td>2015-08-11</td>\n",
       "      <td>264.34</td>\n",
       "      <td>4.427333e+05</td>\n",
       "      <td>0.381362</td>\n",
       "      <td>227498</td>\n",
       "      <td>116923</td>\n",
       "      <td>5.269984e+10</td>\n",
       "      <td>26.659978</td>\n",
       "      <td>68909307.0</td>\n",
       "      <td>1108.25</td>\n",
       "      <td>0.708087</td>\n",
       "      <td>3.95</td>\n",
       "      <td>5036.790039</td>\n",
       "      <td>17402.83984</td>\n",
       "    </tr>\n",
       "    <tr>\n",
       "      <th>...</th>\n",
       "      <td>...</td>\n",
       "      <td>...</td>\n",
       "      <td>...</td>\n",
       "      <td>...</td>\n",
       "      <td>...</td>\n",
       "      <td>...</td>\n",
       "      <td>...</td>\n",
       "      <td>...</td>\n",
       "      <td>...</td>\n",
       "      <td>...</td>\n",
       "      <td>...</td>\n",
       "      <td>...</td>\n",
       "      <td>...</td>\n",
       "      <td>...</td>\n",
       "    </tr>\n",
       "    <tr>\n",
       "      <th>4</th>\n",
       "      <td>2018-09-15</td>\n",
       "      <td>6509.40</td>\n",
       "      <td>4.605827e+07</td>\n",
       "      <td>1.057485</td>\n",
       "      <td>471372</td>\n",
       "      <td>223250</td>\n",
       "      <td>7.020000e+12</td>\n",
       "      <td>21.218931</td>\n",
       "      <td>733164598.3</td>\n",
       "      <td>NaN</td>\n",
       "      <td>209.810000</td>\n",
       "      <td>56.34</td>\n",
       "      <td>NaN</td>\n",
       "      <td>NaN</td>\n",
       "    </tr>\n",
       "    <tr>\n",
       "      <th>3</th>\n",
       "      <td>2018-09-16</td>\n",
       "      <td>6536.68</td>\n",
       "      <td>4.884968e+07</td>\n",
       "      <td>0.789859</td>\n",
       "      <td>427957</td>\n",
       "      <td>211071</td>\n",
       "      <td>7.020000e+12</td>\n",
       "      <td>15.699957</td>\n",
       "      <td>375006930.2</td>\n",
       "      <td>NaN</td>\n",
       "      <td>222.800000</td>\n",
       "      <td>56.58</td>\n",
       "      <td>NaN</td>\n",
       "      <td>NaN</td>\n",
       "    </tr>\n",
       "    <tr>\n",
       "      <th>2</th>\n",
       "      <td>2018-09-17</td>\n",
       "      <td>6514.06</td>\n",
       "      <td>4.850075e+07</td>\n",
       "      <td>0.627328</td>\n",
       "      <td>370211</td>\n",
       "      <td>179483</td>\n",
       "      <td>7.020000e+12</td>\n",
       "      <td>13.070152</td>\n",
       "      <td>282353987.6</td>\n",
       "      <td>1201.90</td>\n",
       "      <td>221.580000</td>\n",
       "      <td>57.02</td>\n",
       "      <td>7895.790039</td>\n",
       "      <td>26062.11914</td>\n",
       "    </tr>\n",
       "    <tr>\n",
       "      <th>1</th>\n",
       "      <td>2018-09-18</td>\n",
       "      <td>6280.91</td>\n",
       "      <td>4.710505e+07</td>\n",
       "      <td>0.907648</td>\n",
       "      <td>481967</td>\n",
       "      <td>240152</td>\n",
       "      <td>7.020000e+12</td>\n",
       "      <td>17.457677</td>\n",
       "      <td>574281010.2</td>\n",
       "      <td>1200.20</td>\n",
       "      <td>197.090000</td>\n",
       "      <td>52.29</td>\n",
       "      <td>7956.109863</td>\n",
       "      <td>26246.96094</td>\n",
       "    </tr>\n",
       "    <tr>\n",
       "      <th>0</th>\n",
       "      <td>2018-09-19</td>\n",
       "      <td>6371.85</td>\n",
       "      <td>4.954753e+07</td>\n",
       "      <td>0.936314</td>\n",
       "      <td>479308</td>\n",
       "      <td>244259</td>\n",
       "      <td>7.020000e+12</td>\n",
       "      <td>19.013685</td>\n",
       "      <td>600992855.3</td>\n",
       "      <td>1203.30</td>\n",
       "      <td>209.470000</td>\n",
       "      <td>54.02</td>\n",
       "      <td>7950.040039</td>\n",
       "      <td>26405.75977</td>\n",
       "    </tr>\n",
       "  </tbody>\n",
       "</table>\n",
       "<p>1131 rows × 14 columns</p>\n",
       "</div>"
      ],
      "text/plain": [
       "           date  BTC Price  BTC network hashrate  Average BTC block size  \\\n",
       "1130 2015-08-07     278.74          3.690251e+05                0.567923   \n",
       "1129 2015-08-08     279.74          4.112966e+05                0.350295   \n",
       "1128 2015-08-09     261.12          3.536627e+05                0.354968   \n",
       "1127 2015-08-10     265.48          4.584516e+05                0.390679   \n",
       "1126 2015-08-11     264.34          4.427333e+05                0.381362   \n",
       "...         ...        ...                   ...                     ...   \n",
       "4    2018-09-15    6509.40          4.605827e+07                1.057485   \n",
       "3    2018-09-16    6536.68          4.884968e+07                0.789859   \n",
       "2    2018-09-17    6514.06          4.850075e+07                0.627328   \n",
       "1    2018-09-18    6280.91          4.710505e+07                0.907648   \n",
       "0    2018-09-19    6371.85          4.954753e+07                0.936314   \n",
       "\n",
       "      NUAU - BTC  Number TX - BTC  Difficulty - BTC  TX fees - BTC  \\\n",
       "1130      242234           124658      5.227830e+10      29.646189   \n",
       "1129      233508           104420      5.269984e+10      23.042149   \n",
       "1128      218499            88425      5.269984e+10      18.451625   \n",
       "1127      220994           110686      5.269984e+10      26.674039   \n",
       "1126      227498           116923      5.269984e+10      26.659978   \n",
       "...          ...              ...               ...            ...   \n",
       "4         471372           223250      7.020000e+12      21.218931   \n",
       "3         427957           211071      7.020000e+12      15.699957   \n",
       "2         370211           179483      7.020000e+12      13.070152   \n",
       "1         481967           240152      7.020000e+12      17.457677   \n",
       "0         479308           244259      7.020000e+12      19.013685   \n",
       "\n",
       "      Estimated TX Volume USD - BTC  Gold in USD  Ethereum Price  \\\n",
       "1130                     64378476.0      1093.50        2.830000   \n",
       "1129                     67351785.0          NaN        2.790000   \n",
       "1128                     81070335.0          NaN        0.706136   \n",
       "1127                     93522987.0      1097.00        0.713989   \n",
       "1126                     68909307.0      1108.25        0.708087   \n",
       "...                             ...          ...             ...   \n",
       "4                       733164598.3          NaN      209.810000   \n",
       "3                       375006930.2          NaN      222.800000   \n",
       "2                       282353987.6      1201.90      221.580000   \n",
       "1                       574281010.2      1200.20      197.090000   \n",
       "0                       600992855.3      1203.30      209.470000   \n",
       "\n",
       "      Litecoin Price  Nasdaq composite index          DJI  \n",
       "1130            4.06             5043.540039  17373.38086  \n",
       "1129            4.22                     NaN          NaN  \n",
       "1128            3.84                     NaN          NaN  \n",
       "1127            3.90             5101.799805  17615.16992  \n",
       "1126            3.95             5036.790039  17402.83984  \n",
       "...              ...                     ...          ...  \n",
       "4              56.34                     NaN          NaN  \n",
       "3              56.58                     NaN          NaN  \n",
       "2              57.02             7895.790039  26062.11914  \n",
       "1              52.29             7956.109863  26246.96094  \n",
       "0              54.02             7950.040039  26405.75977  \n",
       "\n",
       "[1131 rows x 14 columns]"
      ]
     },
     "execution_count": 57,
     "metadata": {},
     "output_type": "execute_result"
    }
   ],
   "source": [
    "data7['date'] = pd.to_datetime(data7['date']) \n",
    "data7.sort_values(by=['date'], inplace=True)\n",
    "data7"
   ]
  },
  {
   "cell_type": "code",
   "execution_count": 58,
   "metadata": {},
   "outputs": [
    {
     "data": {
      "text/html": [
       "<div>\n",
       "<style scoped>\n",
       "    .dataframe tbody tr th:only-of-type {\n",
       "        vertical-align: middle;\n",
       "    }\n",
       "\n",
       "    .dataframe tbody tr th {\n",
       "        vertical-align: top;\n",
       "    }\n",
       "\n",
       "    .dataframe thead th {\n",
       "        text-align: right;\n",
       "    }\n",
       "</style>\n",
       "<table border=\"1\" class=\"dataframe\">\n",
       "  <thead>\n",
       "    <tr style=\"text-align: right;\">\n",
       "      <th></th>\n",
       "      <th>date</th>\n",
       "      <th>BTC Price</th>\n",
       "      <th>BTC network hashrate</th>\n",
       "      <th>Average BTC block size</th>\n",
       "      <th>NUAU - BTC</th>\n",
       "      <th>Number TX - BTC</th>\n",
       "      <th>Difficulty - BTC</th>\n",
       "      <th>TX fees - BTC</th>\n",
       "      <th>Estimated TX Volume USD - BTC</th>\n",
       "      <th>Gold in USD</th>\n",
       "      <th>Ethereum Price</th>\n",
       "      <th>Litecoin Price</th>\n",
       "      <th>Nasdaq composite index</th>\n",
       "      <th>DJI</th>\n",
       "    </tr>\n",
       "  </thead>\n",
       "  <tbody>\n",
       "    <tr>\n",
       "      <th>1130</th>\n",
       "      <td>2015-08-07</td>\n",
       "      <td>278.74</td>\n",
       "      <td>3.690251e+05</td>\n",
       "      <td>0.567923</td>\n",
       "      <td>242234</td>\n",
       "      <td>124658</td>\n",
       "      <td>5.227830e+10</td>\n",
       "      <td>29.646189</td>\n",
       "      <td>64378476.0</td>\n",
       "      <td>1093.50</td>\n",
       "      <td>2.830000</td>\n",
       "      <td>4.06</td>\n",
       "      <td>5043.540039</td>\n",
       "      <td>17373.38086</td>\n",
       "    </tr>\n",
       "    <tr>\n",
       "      <th>1129</th>\n",
       "      <td>2015-08-08</td>\n",
       "      <td>279.74</td>\n",
       "      <td>4.112966e+05</td>\n",
       "      <td>0.350295</td>\n",
       "      <td>233508</td>\n",
       "      <td>104420</td>\n",
       "      <td>5.269984e+10</td>\n",
       "      <td>23.042149</td>\n",
       "      <td>67351785.0</td>\n",
       "      <td>1093.50</td>\n",
       "      <td>2.790000</td>\n",
       "      <td>4.22</td>\n",
       "      <td>5043.540039</td>\n",
       "      <td>17373.38086</td>\n",
       "    </tr>\n",
       "    <tr>\n",
       "      <th>1128</th>\n",
       "      <td>2015-08-09</td>\n",
       "      <td>261.12</td>\n",
       "      <td>3.536627e+05</td>\n",
       "      <td>0.354968</td>\n",
       "      <td>218499</td>\n",
       "      <td>88425</td>\n",
       "      <td>5.269984e+10</td>\n",
       "      <td>18.451625</td>\n",
       "      <td>81070335.0</td>\n",
       "      <td>1093.50</td>\n",
       "      <td>0.706136</td>\n",
       "      <td>3.84</td>\n",
       "      <td>5043.540039</td>\n",
       "      <td>17373.38086</td>\n",
       "    </tr>\n",
       "    <tr>\n",
       "      <th>1127</th>\n",
       "      <td>2015-08-10</td>\n",
       "      <td>265.48</td>\n",
       "      <td>4.584516e+05</td>\n",
       "      <td>0.390679</td>\n",
       "      <td>220994</td>\n",
       "      <td>110686</td>\n",
       "      <td>5.269984e+10</td>\n",
       "      <td>26.674039</td>\n",
       "      <td>93522987.0</td>\n",
       "      <td>1097.00</td>\n",
       "      <td>0.713989</td>\n",
       "      <td>3.90</td>\n",
       "      <td>5101.799805</td>\n",
       "      <td>17615.16992</td>\n",
       "    </tr>\n",
       "    <tr>\n",
       "      <th>1126</th>\n",
       "      <td>2015-08-11</td>\n",
       "      <td>264.34</td>\n",
       "      <td>4.427333e+05</td>\n",
       "      <td>0.381362</td>\n",
       "      <td>227498</td>\n",
       "      <td>116923</td>\n",
       "      <td>5.269984e+10</td>\n",
       "      <td>26.659978</td>\n",
       "      <td>68909307.0</td>\n",
       "      <td>1108.25</td>\n",
       "      <td>0.708087</td>\n",
       "      <td>3.95</td>\n",
       "      <td>5036.790039</td>\n",
       "      <td>17402.83984</td>\n",
       "    </tr>\n",
       "    <tr>\n",
       "      <th>...</th>\n",
       "      <td>...</td>\n",
       "      <td>...</td>\n",
       "      <td>...</td>\n",
       "      <td>...</td>\n",
       "      <td>...</td>\n",
       "      <td>...</td>\n",
       "      <td>...</td>\n",
       "      <td>...</td>\n",
       "      <td>...</td>\n",
       "      <td>...</td>\n",
       "      <td>...</td>\n",
       "      <td>...</td>\n",
       "      <td>...</td>\n",
       "      <td>...</td>\n",
       "    </tr>\n",
       "    <tr>\n",
       "      <th>4</th>\n",
       "      <td>2018-09-15</td>\n",
       "      <td>6509.40</td>\n",
       "      <td>4.605827e+07</td>\n",
       "      <td>1.057485</td>\n",
       "      <td>471372</td>\n",
       "      <td>223250</td>\n",
       "      <td>7.020000e+12</td>\n",
       "      <td>21.218931</td>\n",
       "      <td>733164598.3</td>\n",
       "      <td>1201.95</td>\n",
       "      <td>209.810000</td>\n",
       "      <td>56.34</td>\n",
       "      <td>8010.040039</td>\n",
       "      <td>26154.66992</td>\n",
       "    </tr>\n",
       "    <tr>\n",
       "      <th>3</th>\n",
       "      <td>2018-09-16</td>\n",
       "      <td>6536.68</td>\n",
       "      <td>4.884968e+07</td>\n",
       "      <td>0.789859</td>\n",
       "      <td>427957</td>\n",
       "      <td>211071</td>\n",
       "      <td>7.020000e+12</td>\n",
       "      <td>15.699957</td>\n",
       "      <td>375006930.2</td>\n",
       "      <td>1201.95</td>\n",
       "      <td>222.800000</td>\n",
       "      <td>56.58</td>\n",
       "      <td>8010.040039</td>\n",
       "      <td>26154.66992</td>\n",
       "    </tr>\n",
       "    <tr>\n",
       "      <th>2</th>\n",
       "      <td>2018-09-17</td>\n",
       "      <td>6514.06</td>\n",
       "      <td>4.850075e+07</td>\n",
       "      <td>0.627328</td>\n",
       "      <td>370211</td>\n",
       "      <td>179483</td>\n",
       "      <td>7.020000e+12</td>\n",
       "      <td>13.070152</td>\n",
       "      <td>282353987.6</td>\n",
       "      <td>1201.90</td>\n",
       "      <td>221.580000</td>\n",
       "      <td>57.02</td>\n",
       "      <td>7895.790039</td>\n",
       "      <td>26062.11914</td>\n",
       "    </tr>\n",
       "    <tr>\n",
       "      <th>1</th>\n",
       "      <td>2018-09-18</td>\n",
       "      <td>6280.91</td>\n",
       "      <td>4.710505e+07</td>\n",
       "      <td>0.907648</td>\n",
       "      <td>481967</td>\n",
       "      <td>240152</td>\n",
       "      <td>7.020000e+12</td>\n",
       "      <td>17.457677</td>\n",
       "      <td>574281010.2</td>\n",
       "      <td>1200.20</td>\n",
       "      <td>197.090000</td>\n",
       "      <td>52.29</td>\n",
       "      <td>7956.109863</td>\n",
       "      <td>26246.96094</td>\n",
       "    </tr>\n",
       "    <tr>\n",
       "      <th>0</th>\n",
       "      <td>2018-09-19</td>\n",
       "      <td>6371.85</td>\n",
       "      <td>4.954753e+07</td>\n",
       "      <td>0.936314</td>\n",
       "      <td>479308</td>\n",
       "      <td>244259</td>\n",
       "      <td>7.020000e+12</td>\n",
       "      <td>19.013685</td>\n",
       "      <td>600992855.3</td>\n",
       "      <td>1203.30</td>\n",
       "      <td>209.470000</td>\n",
       "      <td>54.02</td>\n",
       "      <td>7950.040039</td>\n",
       "      <td>26405.75977</td>\n",
       "    </tr>\n",
       "  </tbody>\n",
       "</table>\n",
       "<p>1131 rows × 14 columns</p>\n",
       "</div>"
      ],
      "text/plain": [
       "           date  BTC Price  BTC network hashrate  Average BTC block size  \\\n",
       "1130 2015-08-07     278.74          3.690251e+05                0.567923   \n",
       "1129 2015-08-08     279.74          4.112966e+05                0.350295   \n",
       "1128 2015-08-09     261.12          3.536627e+05                0.354968   \n",
       "1127 2015-08-10     265.48          4.584516e+05                0.390679   \n",
       "1126 2015-08-11     264.34          4.427333e+05                0.381362   \n",
       "...         ...        ...                   ...                     ...   \n",
       "4    2018-09-15    6509.40          4.605827e+07                1.057485   \n",
       "3    2018-09-16    6536.68          4.884968e+07                0.789859   \n",
       "2    2018-09-17    6514.06          4.850075e+07                0.627328   \n",
       "1    2018-09-18    6280.91          4.710505e+07                0.907648   \n",
       "0    2018-09-19    6371.85          4.954753e+07                0.936314   \n",
       "\n",
       "      NUAU - BTC  Number TX - BTC  Difficulty - BTC  TX fees - BTC  \\\n",
       "1130      242234           124658      5.227830e+10      29.646189   \n",
       "1129      233508           104420      5.269984e+10      23.042149   \n",
       "1128      218499            88425      5.269984e+10      18.451625   \n",
       "1127      220994           110686      5.269984e+10      26.674039   \n",
       "1126      227498           116923      5.269984e+10      26.659978   \n",
       "...          ...              ...               ...            ...   \n",
       "4         471372           223250      7.020000e+12      21.218931   \n",
       "3         427957           211071      7.020000e+12      15.699957   \n",
       "2         370211           179483      7.020000e+12      13.070152   \n",
       "1         481967           240152      7.020000e+12      17.457677   \n",
       "0         479308           244259      7.020000e+12      19.013685   \n",
       "\n",
       "      Estimated TX Volume USD - BTC  Gold in USD  Ethereum Price  \\\n",
       "1130                     64378476.0      1093.50        2.830000   \n",
       "1129                     67351785.0      1093.50        2.790000   \n",
       "1128                     81070335.0      1093.50        0.706136   \n",
       "1127                     93522987.0      1097.00        0.713989   \n",
       "1126                     68909307.0      1108.25        0.708087   \n",
       "...                             ...          ...             ...   \n",
       "4                       733164598.3      1201.95      209.810000   \n",
       "3                       375006930.2      1201.95      222.800000   \n",
       "2                       282353987.6      1201.90      221.580000   \n",
       "1                       574281010.2      1200.20      197.090000   \n",
       "0                       600992855.3      1203.30      209.470000   \n",
       "\n",
       "      Litecoin Price  Nasdaq composite index          DJI  \n",
       "1130            4.06             5043.540039  17373.38086  \n",
       "1129            4.22             5043.540039  17373.38086  \n",
       "1128            3.84             5043.540039  17373.38086  \n",
       "1127            3.90             5101.799805  17615.16992  \n",
       "1126            3.95             5036.790039  17402.83984  \n",
       "...              ...                     ...          ...  \n",
       "4              56.34             8010.040039  26154.66992  \n",
       "3              56.58             8010.040039  26154.66992  \n",
       "2              57.02             7895.790039  26062.11914  \n",
       "1              52.29             7956.109863  26246.96094  \n",
       "0              54.02             7950.040039  26405.75977  \n",
       "\n",
       "[1131 rows x 14 columns]"
      ]
     },
     "execution_count": 58,
     "metadata": {},
     "output_type": "execute_result"
    }
   ],
   "source": [
    "data7['Nasdaq composite index']=data7['Nasdaq composite index'].fillna(method='ffill')\n",
    "data7['DJI']=data7['DJI'].fillna(method='ffill')\n",
    "data7['Nasdaq composite index']=data7['Nasdaq composite index'].fillna(method='bfill')\n",
    "data7['DJI']=data7['DJI'].fillna(method='bfill')\n",
    "data7['Gold in USD']=data7['Gold in USD'].fillna(method='ffill')\n",
    "data7['Gold in USD']=data7['Gold in USD'].fillna(method='bfill')\n",
    "data7"
   ]
  },
  {
   "cell_type": "code",
   "execution_count": 59,
   "metadata": {},
   "outputs": [],
   "source": [
    "#data7.drop('Gold in USD',axis=1)"
   ]
  },
  {
   "cell_type": "code",
   "execution_count": 60,
   "metadata": {},
   "outputs": [],
   "source": [
    "b=data7.values"
   ]
  },
  {
   "cell_type": "code",
   "execution_count": 61,
   "metadata": {},
   "outputs": [
    {
     "data": {
      "text/plain": [
       "1131"
      ]
     },
     "execution_count": 61,
     "metadata": {},
     "output_type": "execute_result"
    }
   ],
   "source": [
    "b.shape[0]"
   ]
  },
  {
   "cell_type": "code",
   "execution_count": 68,
   "metadata": {},
   "outputs": [
    {
     "data": {
